1 | CodeEval 1355 Market St, SF (37.7768016, -122.4169151)

2 | Yelp 706 Mission St, SF (37.7860105, -122.4025377)

3 | Square 110 5th St, SF (37.7821494, -122.4058960)

4 | Airbnb 99 Rhode Island St, SF (37.7689269, -122.4029053)

5 | Dropbox 185 Berry St, SF (37.7768800, -122.3911496)

6 | Zynga 699 8th St, SF (37.7706628, -122.4040139)

{
(0, 0): 0.0, 
(0, 1): 0.01707376554747379, 
(0, 2): 0.012248245982588616, 
(0, 3): 0.016071259942205495, 
(0, 4): 0.025765619278596025, 
(0, 5): 0.014287260999928284, 
(1, 0): 0.01707376554747379,
(1, 1): 0.0, 
(1, 2): 0.005117252397530118, 
(1, 3): 0.01708755449794458, 
(1, 4): 0.014596398592114281, 
(1, 5): 0.015418529817404788, 
(2, 0): 0.012248245982588616, 
(2, 1): 0.005117252397530118, 
(2, 2): 0.0, 
(2, 3): 0.01355650370634387, 
(2, 4): 0.01565959416204076
(2, 5): 0.011639771474136603,
(3, 0): 0.016071259942205495, 


(5, 4): 0.014287889638773046, 
(5, 1): 0.015418529817404788, 
(4, 0): 0.025765619278596025, 
(3, 3): 0.0, 
(4, 4): 0.0, 
(5, 0): 0.014287260999928284, 
(5, 3): 0.002059694824479677, 
(4, 1): 0.014596398592114281, 
(3, 2): 0.01355650370634387, 
(4, 5): 0.014287889638773046, 
(5, 5): 0.0, 
(4, 2): 0.01565959416204076, 
(3, 5): 0.002059694824479677, 
(5, 2): 0.011639771474136603, 
(3, 1): 0.01708755449794458, 
(4, 3): 0.014193247764338694, 
(3, 4): 0.014193247764338694, 
}

set([(2, 5), (3, 4), (0, 2), (2, 1), (5, 3)])
